Vector Kr :
129
183
196
99
226
172
200
177
186
17
13
133
218
66
213
36
188
241
144
250
229
163
23
184
98
203
42
53
53
135
207
113
147
224
75
234
47
59
34
215
146
92
139
58
133
213
146
242
214
176
5
75
5
36
116
13
38
240
171
4
197
28
199
122
55
66
230
77
67
137
127
51
142
252
102
78
57
115
89
84
179
29
93
16
32
163
213
162
22
108
99
92
155
39
115
171
147
190
154
93
207
251
171
23
177
198
149
22
187
147
127
86
22
68
36
237
205
187
104
21
74
187
59
160
194
4
171
126
106
128
244
106
187
165
173
205
8
168
196
77
34
44
229
254
159
205
79
180
125
253
144
105
45
0
233
159
181
62
36
67
254
207
76
77
98
24
243
139
167
194
20
162
154
96
12
215
113
137
181
59
158
74
189
41
162
89
26
245
148
135
232
154
246
147
178
122
39
56
174
152
229
238
30
225
220
54
197
139
83
66
121
235
19
4
72
170
252
70
2
93
4
120
222
51
32
15
167
173
41
196
76
148
2
171
219
175
17
159
131
210
168
45
138
189
77
15
224
186
234
40
220
166
53
114
53
126
116
72
77
218
77
27
140
177
215
232
140
116
43
197
8
30
187
240
236
32
67
110
175
150
190
203
242
7
6
54
15
197
185
107
207
51
1
117
97
104
145
27
188
231
152
0
139
184
138
68
238
173
180
87
96
27
226
5
80
238
180
102
220
207
249
186
151
0
99
243
10
26
97
172
213
195
229
146
171
48
2
60
139
188
15
14
64
49
105
100
99
177
65
62
184
12
196
182
230
29
253
73
170
41
214
192
226
217
84
44
163
106
228
180
4
24
191
133
41
103
46
128
113
189
173
164
241
152
202
140
79
91
174
85
140
153
65
19
225
208
209
115
53
58
167
123
254
189
246
176
89
192
52
124
56
114
164
80
45
71
86
13
138
186
252
63
223
178
132
198
167
124
147
6
141
134
90
25
190
36
103
60
222
62
88
207
46
190
22
172
243
27
149
126
113
216
42
177
160
16
197
99
123
49
71
137
222
71
19
228
214
137
157
85
250
155
14
67
56
172
195
43
202
184
247
192
162
129
234
217
28
174
60
9
13
192
29
57
29
156
189
111
44
217
235
123
201
57
141
218
130
223
140
6
111
64
174
56
27
60
116
10
207
89
87
179
134
139
138
134
235
131
217
122
63
18
197
61
32
48
211
40
204
125
104
161
16
193
177
125
235
51
124
114
246
99
178
228
188
200
22
52
252
225
197
60
111
158
163
121
62
128
79
75
134
144
22
1
218
117
145
191
62
47
36
180
101
29
30
209
157
56
90
205
113
213
13
107
147
187
171
75
206
49
32
47
51
120
165
181
43
206
100
238
71
102
155
127
199
155
94
249
184
10
254
139
8
0
1
68
217
101
194
193
229
242
234
35
210
180
134
254
115
108
80
174
92
209
252
51
220
16
62
151
70
182
177
128
127
86
244
9
204
215
42
17
99
116
14
60
156
107
172
39
9
141
87
125
72
55
154
209
245
35
221
72
93
225
48
202
222
3
200
179
156
69
33
232
245
232
118
17
229
203
98
80
78
227
30
119
187
249
149
163
148
250
225
53
106
137
147
107
143
216
152
87
197
252
255
22
52
134
218
16
149
111
35
232
18
214
208
86
87
10
92
247
206
83
190
26
48
185
183
162
119
236
186
60
65
158
192
33
66
190
92
68
54
242
156
52
255
233
33
181
185
Vector Kc :
108
133
134
181
104
59
254
213
158
220
99
41
149
221
122
197
69
91
42
170
133
127
113
27
54
47
25
131
117
90
69
161
59
211
44
46
88
143
144
168
71
36
86
46
91
74
42
1
153
96
136
35
240
144
80
242
26
33
55
53
198
31
23
81
9
232
73
15
192
197
223
79
94
92
230
84
233
194
72
15
186
98
68
37
143
53
96
35
157
235
103
77
25
201
123
54
89
111
4
44
73
71
236
170
177
244
169
179
10
86
82
94
125
120
105
9
195
54
76
120
244
187
109
108
230
234
84
251
125
190
36
170
161
118
76
134
22
35
109
95
226
255
191
138
97
77
29
69
85
229
152
95
23
8
251
152
212
79
154
104
29
94
7
15
34
190
28
81
208
228
65
250
63
174
162
197
19
87
206
117
13
22
250
8
122
25
10
61
225
82
217
227
24
6
185
198
182
96
206
9
78
226
173
240
1
47
60
183
165
104
227
162
91
232
134
143
116
204
139
253
111
119
146
227
127
233
26
117
101
118
50
205
5
254
56
22
226
175
204
179
55
110
217
122
100
25
67
110
37
114
153
140
251
135
71
99
51
229
97
147
233
225
188
64
59
245
32
27
67
187
28
83
17
99
8
193
205
118
229
204
184
103
227
255
79
61
204
127
90
132
139
52
209
47
98
89
109
208
128
117
128
117
164
165
73
137
4
64
104
217
90
212
131
137
106
21
150
242
49
184
58
157
199
85
116
147
80
15
22
127
130
24
83
62
238
134
3
162
154
162
10
3
140
194
121
229
73
65
207
231
186
116
118
72
90
155
8
218
54
60
181
234
170
151
9
105
13
47
143
141
242
67
46
243
223
96
46
74
66
128
133
125
177
42
160
44
208
12
199
145
74
219
216
123
97
216
221
254
211
111
58
18
83
66
189
203
208
188
91
81
37
86
171
230
216
255
70
191
206
238
90
145
114
109
31
199
100
164
152
151
240
230
9
114
253
87
121
100
84
21
242
42
157
8
88
115
65
36
128
115
68
95
220
242
239
114
129
144
82
53
255
8
64
246
111
233
140
28
109
87
240
147
210
194
90
118
218
233
29
162
ITER_MAX :
5
